137 24.82865932213999 68.579897 0.5005831897810219
147 24.748242553399535 78.581211 0.5345660612244898
135 24.33764951494005 74.12776499999998 0.5490945555555554
135 24.851486502753364 71.65476699999999 0.5307760518518518
148 24.743446182560277 72.975195 0.4930756418918919
141 24.71150703294903 67.969253 0.48205143971631204
138 24.866745934970137 66.770669 0.4838454275362319
122 24.395316999466694 67.77767 0.5555546721311475
114 23.993760468667013 68.439078 0.6003427894736841
130 25.350149565476638 66.225237 0.5094249000000001
130 24.79163811023419 75.333562 0.5794889384615385
144 24.81824293401506 82.05736200000001 0.5698427916666667
149 24.793281952006705 76.09111399999998 0.5106786174496643
139 25.052971544883235 84.030697 0.6045373884892087
141 24.72811439189505 79.099074 0.560986340425532
131 24.748246243891824 81.027973 0.618534145038168
129 24.181777451389518 72.896442 0.5650886976744186
136 25.277434629552506 68.428841 0.5031532426470589
139 24.835819079721574 71.382239 0.5135412877697841
140 24.864311054774692 78.12758099999999 0.5580541499999999
124 24.21939791402509 65.210492 0.5258910645161291
149 24.753909642264347 83.13421200000002 0.5579477315436243
