146 25.156629340289392 78.38129900000001 0.5368582123287672
141 24.96322250366211 66.677409 0.4728894255319149
125 25.334057876586915 68.06280000000001 0.5445024
135 24.126647638391564 71.25738 0.5278324444444444
131 25.123255038079414 66.834871 0.5101898549618321
143 24.495962716482737 83.194783 0.5817816993006993
148 24.635538230071198 84.899191 0.5736431824324324
136 24.89309062677271 74.098307 0.5448404926470589
136 24.7859026333865 76.387013 0.5616692132352941
125 25.254555725097656 72.35304599999999 0.5788243679999999
145 24.874621029557854 79.896905 0.5510131379310345
124 25.009804925610943 71.079003 0.5732177661290323
136 24.754345276776483 74.56772199999999 0.5482920735294117
144 24.13904751671685 73.587249 0.5110225625
140 24.991512652805874 73.27184500000001 0.5233703214285715
138 24.779290074887484 78.26182499999999 0.5671146739130434
149 23.867490256392717 72.31790500000001 0.48535506711409404
134 24.719268144066653 74.514678 0.5560796865671642
130 24.548274414355937 72.737823 0.5595217153846155
147 24.554716668161404 80.614618 0.5483987619047619
146 24.679462472053423 76.40872 0.523347397260274
152 24.954537140695674 82.14661799999999 0.5404382763157894
142 25.508698436575877 70.066899 0.4934288661971831
145 25.270787160149936 79.451009 0.5479379931034483
151 24.653111293615883 70.69162499999999 0.46815645695364233
142 24.69422051604365 69.352431 0.48839740140845067
137 24.734935934526206 73.43455900000001 0.5360186788321168
137 24.57842922906806 76.689801 0.5597795693430657
143 25.089841269112966 72.903268 0.509813062937063
138 24.816624517026156 68.43579199999999 0.495911536231884
143 24.76322364807129 75.716487 0.5294859230769231
140 24.54935155596052 66.504728 0.47503377142857145
156 24.922811165834084 70.73758699999999 0.45344607051282043
137 24.70646334738627 80.03534099999999 0.5841995693430656
136 25.107608570772058 74.38533600000001 0.5469510000000001
151 24.753970632489942 78.425466 0.5193739470198675
140 25.135764680589947 76.702845 0.5478774642857143
161 24.556505919983667 81.69456500000001 0.5074196583850933
152 24.93686758844476 71.109296 0.4678243157894737
146 24.79387683084566 72.28117700000001 0.4950765547945206
155 24.677682999641664 80.67086 0.5204571612903226
161 24.97248747926321 90.017831 0.5591169627329192
134 24.899122423200463 72.624877 0.5419766940298507
133 24.601913064942323 74.34502 0.558985112781955
140 24.274893488202775 75.64799400000001 0.5403428142857144
147 24.649263135429955 74.48205200000001 0.5066806258503402
153 25.35928072960548 86.882518 0.5678595947712418
133 24.678183132544497 71.75406800000002 0.5395042706766918
129 24.914679815602856 70.60025200000001 0.5472887751937986
149 25.349630074213014 81.906723 0.5497095503355705
129 25.334445746370065 62.729075 0.48627189922480624
156 25.174682384882217 77.627032 0.4976091794871795
151 24.387504779739885 76.80121 0.5086172847682119
150 24.53889275232951 81.64136299999998 0.5442757533333332
143 24.920251699594353 79.34303500000001 0.5548463986013987
126 24.24667362939744 70.09955300000001 0.5563456587301588
150 25.07294891357422 75.75237099999998 0.5050158066666666
156 24.927609260265644 78.446343 0.502861173076923
119 24.327157789919557 64.25203699999999 0.5399330840336133
149 24.976607892337263 75.647085 0.5076985570469799
143 24.94521198406086 67.93823400000001 0.4750925454545455
143 24.21219957791842 72.420072 0.50643406993007
144 24.70076307985518 81.413477 0.5653713680555555
154 24.79411252752527 77.062247 0.5004042012987013
134 24.534164784559565 71.739833 0.5353718880597015
138 24.824487962584566 70.775992 0.5128695072463768
141 24.777130992700023 71.44182099999999 0.5066795815602836
168 24.711643922896613 86.97196 0.5176902380952381
140 24.41553512300764 81.212064 0.5800861714285714
137 24.775490196951985 78.24003099999999 0.571095116788321
128 24.51669530570507 66.116467 0.5165348984375
149 24.890865594748682 78.08646200000001 0.5240702147651007
143 24.634013622790782 78.03656699999999 0.5457102587412587
136 24.083104897947873 67.034668 0.49290197058823526
149 24.366590167051992 74.228646 0.4981788322147651
142 24.24544809905576 77.441636 0.5453636338028169
144 24.723583645290798 69.629673 0.48353939583333333
132 25.33147801774921 73.497282 0.5567975909090909
145 24.8541987583555 75.10277400000001 0.5179501655172415
137 25.306492394774498 76.89836 0.561301897810219
117 24.99908318478837 62.880865 0.5374432905982905
134 25.255752506540784 75.541347 0.5637413955223881
146 24.77075510155665 81.164264 0.5559196164383562
143 25.09560092845997 85.142046 0.595398923076923
131 24.672993186775965 68.904714 0.5259901832061069
145 24.78704499869511 75.949477 0.5237894965517241
148 25.27705550838161 84.58311699999999 0.5715075472972972
143 25.183466131036933 70.776263 0.4949389020979021
142 24.84735813946791 66.91393 0.4712248591549295
143 25.422943355320218 77.601862 0.5426703636363636
138 24.70788199659707 69.76846 0.5055685507246377
135 24.77886909202293 78.021687 0.5779384222222222
152 24.39162588119507 85.015844 0.5593147631578947
150 24.781245257059734 86.152747 0.5743516466666667
145 24.696642592857625 79.041739 0.5451154413793103
151 24.86721465129726 75.831411 0.5021947748344371
137 25.064775773208506 79.616204 0.5811401751824817
127 24.676427615909127 75.535053 0.5947641968503937
141 24.430938977721734 71.29887500000001 0.505665780141844
144 25.032085021336872 70.513037 0.4896738680555555
